Dissimilarity: [0.53284941 0.89379379 0.74495571 0.89162378 1.144125   1.32961703
 1.45       1.33106576 1.41514228 1.57706816 1.65231199 1.66259105]
Correlation: [0.98691321 0.97019781 0.97716554 0.97019707 0.95487488 0.93950667
 0.92935207 0.94026658 0.93395987 0.91879077 0.9130425  0.91308613]
Contrast: [0.78543307 1.77456755 1.36921752 1.77487755 2.670375   3.54554044
 4.162      3.50188964 3.85581809 4.61023673 5.03493394 4.9425078 ]
Energy: [0.14325459 0.11696285 0.12631179 0.11650977 0.1041101  0.09848589
 0.09421368 0.09758531 0.0939625  0.09049898 0.08815758 0.08745098]
Homogeneity: [0.7576873  0.63309122 0.6836555  0.63307195 0.56200412 0.52059982
 0.49554773 0.51546006 0.49678968 0.4611717  0.44959417 0.4403504 ]
ASM: [0.02052188 0.01368031 0.01595467 0.01357453 0.01083891 0.00969947
 0.00887622 0.00952289 0.00882895 0.00819007 0.00777176 0.00764767]
