Dissimilarity: [0.837906   1.19666439 0.9812377  1.24614049 1.5991875  1.6521164
 1.733      1.71693122 1.76841972 1.80931322 1.86693343 1.88351977]
Correlation: [0.94617802 0.90265329 0.92819351 0.89330577 0.83373825 0.82628905
 0.80811    0.81135691 0.79894033 0.79034448 0.78260867 0.77672765]
Contrast: [1.49095719 2.69037138 2.00006152 2.9491599  4.5383125  4.76158982
 5.341625   5.17472915 5.40142276 5.64789282 6.04503303 6.0351847 ]
Energy: [0.14149134 0.12055025 0.13212657 0.11834202 0.10602066 0.1043516
 0.1013768  0.10228233 0.10138029 0.10038252 0.0978166  0.09809907]
Homogeneity: [0.64304867 0.53744203 0.60149    0.52756811 0.44975944 0.43707893
 0.42978535 0.42908345 0.41636434 0.41055713 0.404657   0.39766716]
ASM: [0.0200198  0.01453236 0.01745743 0.01400483 0.01124038 0.01088926
 0.01027726 0.01046167 0.01027796 0.01007665 0.00956809 0.00962343]
