Dissimilarity: [0.55671752 0.98040796 0.76316437 0.83545167 1.204875   1.51480222
 1.520625   1.2319224  1.5148628  1.97762747 1.82507622 1.53173777]
Correlation: [0.99244485 0.98015605 0.98719852 0.98550112 0.9728773  0.95339233
 0.95263967 0.97010844 0.95718626 0.9066228  0.92429565 0.95043348]
Contrast: [0.78309547 1.98580197 1.30327264 1.4483849  2.71575    4.44475939
 4.531      2.82879819 4.14303862 8.24674818 6.90396341 4.23829344]
Energy: [0.14663534 0.11929972 0.13178193 0.12452641 0.10772344 0.10021354
 0.09983942 0.1062884  0.0991936  0.0923873  0.09402311 0.09884313]
Homogeneity: [0.74344719 0.60186529 0.6696003  0.64049139 0.53564131 0.47828303
 0.48138678 0.52861522 0.46746157 0.41382516 0.43631842 0.46412077]
ASM: [0.02150192 0.01423242 0.01736648 0.01550683 0.01160434 0.01004275
 0.00996791 0.01129722 0.00983937 0.00853541 0.00884034 0.00976996]
