Dissimilarity: [15.1050689  22.02325005 19.08692175 18.85516771 23.414375   27.2079869
 27.60575    23.59882842 26.0945122  29.34391259 29.24269563 27.14600676]
Correlation: [ 0.69489982  0.36873262  0.51362905  0.53164997  0.29871807  0.07709814
  0.05003771  0.29064664  0.14082299 -0.06973861 -0.06083546  0.07689519]
Contrast: [ 384.94758858  796.91865584  614.17119833  591.22915246  883.8185
 1164.17737465 1197.758875    894.82722348 1074.52413618 1338.37330905
 1331.83212652 1156.99668314]
Energy: [0.01461307 0.01306071 0.0136443  0.01361033 0.01283238 0.01256294
 0.01252108 0.01287118 0.01263287 0.0125607  0.01252527 0.0126416 ]
Homogeneity: [0.06950825 0.04844207 0.05504577 0.05566796 0.043502   0.03727687
 0.03466958 0.04192014 0.03676529 0.03131533 0.03502778 0.03727228]
ASM: [0.00021354 0.00017058 0.00018617 0.00018524 0.00016467 0.00015783
 0.00015678 0.00016567 0.00015959 0.00015777 0.00015688 0.00015981]
