Dissimilarity: [16.79779774 23.68274537 19.93325541 19.38564077 25.80575    30.15079365
 29.8823125  24.74508692 29.484375   32.92273673 32.16412602 29.23907388]
Correlation: [ 0.67923715  0.38767942  0.55553791  0.58150699  0.29054978  0.06519106
  0.07843959  0.34328898  0.09834808 -0.09774011 -0.05783952  0.11712851]
Contrast: [ 485.00215305  926.19610639  672.43473179  632.97110794 1073.3985
 1416.30322499 1397.2493125   994.73866213 1366.43559451 1666.30788241
 1601.59743394 1339.4305411 ]
Energy: [0.01343538 0.01211512 0.01273094 0.01286215 0.01189571 0.01171029
 0.01159682 0.01203676 0.01164489 0.01166203 0.01161922 0.01176036]
Homogeneity: [0.0629386  0.04458736 0.05383249 0.05379454 0.03967212 0.03184385
 0.03246071 0.04192784 0.0340505  0.02928635 0.03141365 0.03351586]
ASM: [0.00018051 0.00014678 0.00016208 0.00016543 0.00014151 0.00013713
 0.00013449 0.00014488 0.0001356  0.000136   0.00013501 0.00013831]
