Dissimilarity: [17.041031   24.00948602 20.36392717 19.76092752 26.1909375  30.47530864
 30.293375   25.03571429 29.76149644 34.11251301 32.97916667 29.62109781]
Correlation: [ 0.68738512  0.40353368  0.55989532  0.58511811  0.30733521  0.08863011
  0.09921573  0.36076554  0.12625858 -0.12045329 -0.05882159  0.13666688]
Contrast: [ 493.81945128  941.05964412  694.60408465  654.6016492  1092.5944375
 1435.66918619 1422.903      1007.32117662 1380.95661839 1769.99128512
 1677.73793191 1364.7528616 ]
Energy: [0.01327807 0.01193136 0.01253156 0.01266966 0.01168558 0.01147725
 0.01141836 0.01181007 0.01150933 0.01147557 0.01143548 0.01146496]
Homogeneity: [0.06178289 0.04461873 0.05411839 0.05516744 0.03900348 0.0333691
 0.03253777 0.04278381 0.03324249 0.02897327 0.0306521  0.03342462]
ASM: [0.00017631 0.00014236 0.00015704 0.00016052 0.00013655 0.00013173
 0.00013038 0.00013948 0.00013246 0.00013169 0.00013077 0.00013145]
