Dissimilarity: [14.45238681 21.1512183  17.81317667 17.72533945 23.6080625  26.77947846
 27.03775    23.04976064 26.59082825 28.90381113 28.9484248  26.93015088]
Correlation: [ 0.70207982  0.38376507  0.54756026  0.55597717  0.25112817  0.05316292
  0.03492005  0.28346242  0.06723749 -0.10161992 -0.09325286  0.04617905]
Contrast: [ 356.04096949  734.7520615   539.77183809  529.38508277  895.0308125
 1129.07955404 1152.392625    854.51776266 1113.17797256 1313.79494017
 1305.75152439 1137.66922477]
Energy: [0.01511066 0.01339619 0.01413344 0.01412671 0.01305098 0.01287041
 0.01275689 0.01307987 0.01280195 0.0129182  0.0128155  0.01280631]
Homogeneity: [0.0736453  0.04903727 0.06086724 0.06015896 0.04461007 0.03625797
 0.03706361 0.04307867 0.03828867 0.03444225 0.03361997 0.03547867]
ASM: [0.00022833 0.00017946 0.00019975 0.00019956 0.00017033 0.00016565
 0.00016274 0.00017108 0.00016389 0.00016688 0.00016424 0.000164  ]
