Dissimilarity: [14.58483022 45.06218612 45.79343012 46.62031124 11.89625    42.29503653
 17.4979375  38.24092971 15.41012449 46.4346384  33.24377541 50.52855099]
Correlation: [ 0.80564829 -0.47690679 -0.50166598 -0.56629072  0.86529683 -0.31520525
  0.71911729 -0.0911052   0.77874679 -0.54447889  0.14189532 -0.80438162]
Contrast: [ 344.26556348 2615.64746729 2659.35654528 2774.03651807  238.6995
 2327.78848576  496.9991875  1931.22745024  392.15847307 2734.3216051
 1517.06237297 3194.70193809]
Energy: [0.01606527 0.01333623 0.01363285 0.01374356 0.01706136 0.01291795
 0.01521673 0.01285414 0.01567572 0.01379876 0.01275515 0.01580499]
Homogeneity: [0.07221496 0.01526481 0.01474706 0.01408193 0.08994032 0.01773942
 0.06144147 0.01805088 0.07073971 0.01432793 0.02332949 0.01175424]
ASM: [0.00025809 0.00017785 0.00018585 0.00018889 0.00029109 0.00016687
 0.00023155 0.00016523 0.00024573 0.00019041 0.00016269 0.0002498 ]
