Dissimilarity: [14.79060039 45.53425507 45.78481791 46.27255255 10.92525    42.6803351
 17.0886875  40.83383724 14.36058181 46.98016389 36.4792937  49.70037721]
Correlation: [ 0.80444295 -0.47792944 -0.47444075 -0.52441929  0.88864319 -0.31291661
  0.73859358 -0.20253122  0.81338189 -0.55197318  0.0144931  -0.72103967]
Contrast: [ 354.04736713 2677.33461467 2670.79958169 2761.45886292  201.737125
 2378.66559587  473.2274375  2178.83144369  337.97567327 2813.18997138
 1784.42035061 3119.29546046]
Energy: [0.01664129 0.01348756 0.01363882 0.01350792 0.01827454 0.01303497
 0.01599579 0.01312687 0.01670067 0.01386321 0.01292864 0.01503727]
Homogeneity: [0.07220032 0.01546075 0.01296952 0.01495761 0.09638021 0.01692517
 0.06316989 0.01780487 0.07505052 0.01326351 0.02124708 0.0127913 ]
ASM: [0.00027693 0.00018191 0.00018602 0.00018246 0.00033396 0.00016991
 0.00025587 0.00017231 0.00027891 0.00019219 0.00016715 0.00022612]
