Dissimilarity: [14.29170768 45.17533635 45.84940945 46.67034534 11.4690625  43.26133787
 16.437875   39.64588057 14.97846799 46.0610692  35.84749746 50.33721384]
Correlation: [ 0.81655077 -0.46787724 -0.48892596 -0.55128062  0.87619412 -0.34947494
  0.75298282 -0.14930873  0.79299381 -0.50831067  0.03789115 -0.78053685]
Contrast: [ 328.82874016 2630.18060636 2668.42937992 2779.7023994   221.9376875
 2416.62591333  442.284125   2058.32098765  370.86020071 2699.14977888
 1721.21360518 3186.23146462]
Energy: [0.01660082 0.01341296 0.01368231 0.01372998 0.01774252 0.01314251
 0.01594258 0.01305451 0.01623073 0.01376431 0.01291662 0.01567722]
Homogeneity: [0.06967284 0.01490255 0.01491511 0.01352273 0.09325711 0.01562042
 0.06458919 0.01731783 0.07212162 0.01492943 0.02051331 0.01310693]
ASM: [0.00027559 0.00017991 0.00018721 0.00018851 0.0003148  0.00017273
 0.00025417 0.00017042 0.00026344 0.00018946 0.00016684 0.00024578]
