Dissimilarity: [14.29515256 46.03205406 46.52060778 47.31954864 11.1721875  43.24300831
 16.76725    40.23066264 14.28734756 47.49453694 35.72878557 51.1046436 ]
Correlation: [ 0.81755821 -0.47893983 -0.49237415 -0.55129548  0.88475187 -0.32302699
  0.74753535 -0.15429928  0.81363278 -0.5567075   0.06100685 -0.77447172]
Contrast: [ 334.76882382 2714.9495319  2740.04669045 2847.87866576  211.4558125
 2425.97215923  463.157      2116.44129504  342.09159045 2857.00390219
 1723.08739837 3256.72587149]
Energy: [0.0165735  0.01357987 0.01374956 0.01388526 0.0178857  0.01309457
 0.01577169 0.01312302 0.0164724  0.01401614 0.01293184 0.01573747]
Homogeneity: [0.0751788  0.01453603 0.01377025 0.01385011 0.09562328 0.01661511
 0.06380578 0.01879238 0.07337445 0.01339197 0.02180043 0.01284574]
ASM: [0.00027468 0.00018441 0.00018905 0.0001928  0.0003199  0.00017147
 0.00024875 0.00017221 0.00027134 0.00019645 0.00016723 0.00024767]
